{
    "name" : "Genesis8-male",
    "vertices" : [3371, 123, 3057, 3999, 1303, 2513, 2561, 14014, 13707, 2632, 1631, 4266, 3800, 861, 3867, 3868, 3262, 3270, 3283, 3247, 3929, 854, 3926, 112, 780, 1397, 3152, 1385, 3952, 230, 4387, 244, 4558, 4686, 14679, 283, 4741, 4872, 4730, 4706, 6062, 378, 813, 2778, 2652, 3989, 377, 2582, 547, 546, 815, 6054, 4011, 141, 3326, 2603, 1781, 3367, 2986, 2516, 2991, 1531, 2528, 13670, 4270, 4222, 3485, 13714, 2992, 4335, 3088, 116, 2976, 1629, 2932, 2133, 4259, 13704, 13943, 1646, 2094, 3799, 4478, 3874, 2104, 3442, 1334, 3463, 1660, 1852, 190, 1853, 3250, 3217, 4379, 3888, 3782, 5353, 259, 327, 4471, 1724, 3784, 3924, 181, 184, 3470, 3427, 3900, 1421, 168, 1387, 3950, 5350, 3286, 1849, 3964, 236, 3959, 1831, 4650, 5387, 14592, 6174, 2042, 1399, 3826, 2108, 14177, 4743, 14411, 4818, 4125, 13698, 4228, 376, 3581, 2850, 2823, 2820, 2766, 2769, 2662, 2717, 2654, 1460, 841, 2621, 2674, 2612, 2592, 1501, 2843, 6022, 439, 4034, 1476, 551, 544, 2878, 4243, 1938, 3825, 885, 3500, 2153, 4251, 3495, 3309, 3025, 1732, 2574, 13983, 2497, 4343, 2928, 821, 4467, 262, 2096, 4474, 1309, 177, 4404, 3322, 5385, 865, 849, 3963, 3971, 3422, 3453, 1686, 3880, 1845, 1851, 1312, 4659, 6276, 2049, 3833, 4766, 4081, 405, 455, 3580, 2598, 1481, 2691, 1295, 4234, 4232, 3996, 2772, 2837, 2847, 2813, 3514, 2396, 2531, 5150, 5164, 5199, 5067, 2470, 6224, 4544, 4517, 5287, 2467, 2362, 5056, 2901, 2296, 6128, 9538, 6309, 9233, 10158, 7489, 8699, 8747, 14012, 13838, 8818, 7817, 10420, 9960, 7047, 10027, 10028, 9433, 9441, 9454, 9418, 10089, 7040, 10086, 6298, 6966, 7583, 9325, 7571, 10112, 6416, 10535, 6430, 10705, 10833, 15483, 6469, 10888, 11019, 10877, 10853, 12128, 6564, 6999, 8964, 8838, 10148, 6563, 8768, 6733, 6732, 7001, 12120, 4192, 24, 28, 2930, 3976, 57, 83, 2981, 13705, 54, 3320, 45, 10170, 6327, 9495, 8789, 7967, 9534, 9167, 8702, 9172, 7717, 8714, 13802, 10424, 10379, 9651, 13844, 9173, 10486, 4193, 9263, 6302, 9158, 7815, 9115, 8319, 10415, 13836, 13599, 13944, 7832, 46, 3305, 3504, 87, 2996, 3008, 29, 73, 4308, 8280, 9959, 10626, 10034, 8290, 9609, 7520, 9630, 7846, 8038, 6376, 8039, 9421, 9388, 10528, 10048, 9942, 11479, 6445, 6513, 10619, 7910, 9944, 10084, 6367, 6370, 9637, 9594, 10060, 7607, 6354, 7573, 10110, 11476, 9457, 8035, 10124, 6422, 10119, 8017, 10797, 11513, 15396, 12234, 8228, 7585, 9986, 8294, 14981, 10890, 15215, 10965, 10284, 13830, 10385, 6562, 9744, 9036, 9009, 9006, 8952, 8955, 8848, 8903, 8840, 7646, 7027, 8807, 8860, 8798, 8778, 7687, 9029, 12088, 6625, 10193, 7662, 6737, 6730, 9064, 10400, 8124, 9985, 7071, 9666, 8339, 10407, 9661, 9479, 9201, 7918, 8760, 13984, 8683, 10494, 9112, 7007, 10615, 6448, 8282, 10622, 7495, 6363, 10552, 9491, 11511, 7051, 7035, 10123, 10131, 9589, 9620, 7872, 10040, 8031, 8037, 7498, 10806, 12334, 8235, 9993, 10913, 10240, 6591, 6641, 9743, 8784, 7667, 8877, 7481, 10391, 10389, 10155, 8958, 9023, 9033, 8999, 27, 9677, 8582, 2, 8717, 11284, 11298, 11330, 11206, 5190, 5085, 8656, 12282, 10691, 10665, 6130, 4528, 25, 11415, 60, 78, 8653, 8548, 52, 11195, 4957, 9087, 8482, 6163, 12190, 19],
    "faces" : [[296, 337, 160, 66], [337, 290, 52, 160], [160, 52, 3, 62], [66, 160, 62, 6], [49, 159, 161, 153], [159, 48, 132, 161], [161, 132, 38, 131], [153, 161, 131, 39], [12, 98, 162, 125], [98, 22, 124, 162], [162, 124, 35, 122], [125, 162, 122, 33], [9, 68, 163, 71], [68, 4, 60, 163], [163, 60, 5, 69], [71, 163, 69, 10], [297, 333, 164, 70], [333, 294, 61, 164], [164, 61, 4, 68], [70, 164, 68, 9], [4, 58, 165, 60], [58, 11, 76, 165], [165, 76, 8, 59], [60, 165, 59, 5], [11, 72, 166, 76], [72, 6, 65, 166], [166, 65, 7, 78], [76, 166, 78, 8], [288, 317, 167, 64], [317, 296, 66, 167], [167, 66, 6, 72], [64, 167, 72, 11], [289, 330, 168, 73], [330, 297, 70, 168], [168, 70, 9, 53], [73, 168, 53, 2], [2, 53, 169, 54], [53, 9, 71, 169], [169, 71, 10, 56], [54, 169, 56, 0], [0, 56, 170, 57], [56, 10, 79, 170], [170, 79, 298, 329], [57, 170, 329, 291], [294, 331, 171, 61], [331, 288, 64, 171], [171, 64, 11, 58], [61, 171, 58, 4], [8, 78, 172, 67], [78, 7, 77, 172], [172, 77, 295, 326], [67, 172, 326, 287], [5, 59, 173, 75], [59, 8, 67, 173], [173, 67, 287, 332], [75, 173, 332, 293], [10, 69, 174, 79], [69, 5, 75, 174], [174, 75, 293, 334], [79, 174, 334, 298], [3, 52, 175, 55], [74, 175, 219, 218], [55, 175, 74, 1], [7, 63, 176, 77], [63, 1, 74, 176], [176, 74, 292, 336], [77, 176, 336, 295], [15, 82, 177, 83], [82, 13, 80, 177], [177, 80, 12, 81], [83, 177, 81, 14], [20, 102, 178, 84], [102, 21, 86, 178], [178, 86, 15, 83], [84, 178, 83, 14], [23, 101, 179, 99], [101, 22, 98, 179], [179, 98, 12, 80], [99, 179, 80, 13], [21, 100, 180, 86], [100, 23, 99, 180], [180, 99, 13, 82], [86, 180, 82, 15], [27, 111, 181, 90], [111, 25, 105, 181], [181, 105, 19, 92], [90, 181, 92, 18], [25, 110, 182, 105], [110, 24, 104, 182], [182, 104, 17, 93], [105, 182, 93, 19], [26, 109, 183, 88], [109, 27, 90, 183], [183, 90, 18, 94], [88, 183, 94, 16], [24, 108, 184, 104], [108, 26, 88, 184], [184, 88, 16, 95], [104, 184, 95, 17], [31, 119, 185, 97], [119, 29, 113, 185], [185, 113, 23, 100], [97, 185, 100, 21], [29, 118, 186, 113], [118, 28, 112, 186], [186, 112, 22, 101], [113, 186, 101, 23], [30, 117, 187, 96], [117, 31, 97, 187], [187, 97, 21, 102], [96, 187, 102, 20], [28, 116, 188, 112], [116, 30, 96, 188], [188, 96, 20, 103], [112, 188, 103, 22], [0, 57, 189, 85], [57, 291, 106, 189], [189, 106, 26, 108], [85, 189, 108, 24], [291, 335, 190, 106], [335, 289, 107, 190], [190, 107, 27, 109], [106, 190, 109, 26], [2, 54, 191, 87], [54, 0, 85, 191], [191, 85, 24, 110], [87, 191, 110, 25], [289, 73, 192, 107], [73, 2, 87, 192], [192, 87, 25, 111], [107, 192, 111, 27], [17, 95, 193, 89], [95, 16, 114, 193], [193, 114, 30, 116], [89, 193, 116, 28], [16, 94, 194, 114], [94, 18, 115, 194], [194, 115, 31, 117], [114, 194, 117, 30], [19, 93, 195, 91], [93, 17, 89, 195], [195, 89, 28, 118], [91, 195, 118, 29], [18, 92, 196, 115], [92, 19, 91, 196], [196, 91, 29, 119], [115, 196, 119, 31], [35, 123, 197, 122], [123, 34, 121, 197], [197, 121, 32, 120], [122, 197, 120, 33], [14, 81, 198, 126], [81, 12, 125, 198], [198, 125, 33, 120], [126, 198, 120, 32], [22, 103, 199, 124], [103, 20, 127, 199], [199, 127, 34, 123], [124, 199, 123, 35], [20, 84, 200, 127], [84, 14, 126, 200], [200, 126, 32, 121], [127, 200, 121, 34], [38, 129, 201, 131], [129, 36, 128, 201], [201, 128, 37, 130], [131, 201, 130, 39], [50, 158, 202, 154], [158, 49, 153, 202], [202, 153, 39, 130], [154, 202, 130, 37], [51, 157, 203, 155], [157, 50, 154, 203], [203, 154, 37, 128], [155, 203, 128, 36], [48, 156, 204, 132], [156, 51, 155, 204], [204, 155, 36, 129], [132, 204, 129, 38], [47, 151, 205, 136], [151, 46, 146, 205], [205, 146, 43, 140], [136, 205, 140, 40], [46, 150, 206, 146], [150, 45, 145, 206], [206, 145, 42, 141], [146, 206, 141, 43], [45, 149, 207, 145], [149, 44, 144, 207], [207, 144, 41, 142], [145, 207, 142, 42], [44, 148, 208, 144], [148, 47, 136, 208], [208, 136, 40, 143], [144, 208, 143, 41], [7, 65, 209, 133], [65, 6, 147, 209], [209, 147, 47, 148], [133, 209, 148, 44], [1, 63, 210, 134], [63, 7, 133, 210], [210, 133, 44, 149], [134, 210, 149, 45], [3, 55, 211, 135], [55, 1, 134, 211], [211, 134, 45, 150], [135, 211, 150, 46], [6, 62, 212, 147], [62, 3, 135, 212], [212, 135, 46, 151], [147, 212, 151, 47], [40, 140, 213, 152], [140, 43, 139, 213], [213, 139, 51, 156], [152, 213, 156, 48], [43, 141, 214, 139], [141, 42, 138, 214], [214, 138, 50, 157], [139, 214, 157, 51], [42, 142, 215, 138], [142, 41, 137, 215], [215, 137, 49, 158], [138, 215, 158, 50], [41, 143, 216, 137], [143, 40, 152, 216], [216, 152, 48, 159], [137, 216, 159, 49], [292, 74, 218, 478], [175, 52, 217, 219], [52, 290, 475, 217], [219, 225, 220, 218], [475, 484, 222, 217], [218, 220, 490, 478], [498, 485, 223, 229], [503, 492, 224, 232], [232, 224, 228, 234], [229, 223, 226, 231], [231, 226, 221, 230], [234, 228, 227, 233], [233, 227, 494, 505], [230, 221, 491, 500], [223, 485, 495, 226], [217, 222, 225, 219], [226, 495, 491, 221], [227, 230, 500, 494], [228, 231, 230, 227], [224, 229, 231, 228], [492, 498, 229, 224], [220, 233, 505, 490], [225, 234, 233, 220], [222, 232, 234, 225], [484, 503, 232, 222], [296, 313, 418, 337], [337, 418, 299, 290], [418, 309, 238, 299], [313, 241, 309, 418], [284, 411, 419, 417], [417, 419, 390, 283], [419, 389, 273, 390], [411, 274, 389, 419], [247, 383, 420, 356], [356, 420, 382, 257], [420, 380, 270, 382], [383, 268, 380, 420], [244, 319, 421, 315], [315, 421, 307, 239], [421, 316, 240, 307], [319, 245, 316, 421], [297, 318, 422, 333], [333, 422, 308, 294], [422, 315, 239, 308], [318, 244, 315, 422], [239, 307, 423, 305], [305, 423, 324, 246], [423, 306, 243, 324], [307, 240, 306, 423], [246, 324, 424, 320], [320, 424, 312, 241], [424, 327, 242, 312], [324, 243, 327, 424], [288, 311, 425, 317], [317, 425, 313, 296], [425, 320, 241, 313], [311, 246, 320, 425], [289, 321, 426, 330], [330, 426, 318, 297], [426, 300, 244, 318], [321, 237, 300, 426], [237, 301, 427, 300], [300, 427, 319, 244], [427, 303, 245, 319], [301, 235, 303, 427], [235, 304, 428, 303], [303, 428, 328, 245], [428, 329, 298, 328], [304, 291, 329, 428], [294, 308, 429, 331], [331, 429, 311, 288], [429, 305, 246, 311], [308, 239, 305, 429], [243, 314, 430, 327], [327, 430, 325, 242], [430, 326, 295, 325], [314, 287, 326, 430], [240, 323, 431, 306], [306, 431, 314, 243], [431, 332, 287, 314], [323, 293, 332, 431], [245, 328, 432, 316], [316, 432, 323, 240], [432, 334, 293, 323], [328, 298, 334, 432], [238, 302, 433, 299], [322, 477, 479, 433], [302, 236, 322, 433], [242, 325, 434, 310], [310, 434, 322, 236], [434, 336, 292, 322], [325, 295, 336, 434], [250, 341, 435, 340], [340, 435, 338, 248], [435, 339, 247, 338], [341, 249, 339, 435], [255, 342, 436, 360], [360, 436, 344, 256], [436, 341, 250, 344], [342, 249, 341, 436], [258, 357, 437, 359], [359, 437, 356, 257], [437, 338, 247, 356], [357, 248, 338, 437], [256, 344, 438, 358], [358, 438, 357, 258], [438, 340, 248, 357], [344, 250, 340, 438], [262, 348, 439, 369], [369, 439, 363, 260], [439, 350, 254, 363], [348, 253, 350, 439], [260, 363, 440, 368], [368, 440, 362, 259], [440, 351, 252, 362], [363, 254, 351, 440], [261, 346, 441, 367], [367, 441, 348, 262], [441, 352, 253, 348], [346, 251, 352, 441], [259, 362, 442, 366], [366, 442, 346, 261], [442, 353, 251, 346], [362, 252, 353, 442], [266, 355, 443, 377], [377, 443, 371, 264], [443, 358, 258, 371], [355, 256, 358, 443], [264, 371, 444, 376], [376, 444, 370, 263], [444, 359, 257, 370], [371, 258, 359, 444], [265, 354, 445, 375], [375, 445, 355, 266], [445, 360, 256, 355], [354, 255, 360, 445], [263, 370, 446, 374], [374, 446, 354, 265], [446, 361, 255, 354], [370, 257, 361, 446], [235, 343, 447, 304], [304, 447, 364, 291], [447, 366, 261, 364], [343, 259, 366, 447], [291, 364, 448, 335], [335, 448, 365, 289], [448, 367, 262, 365], [364, 261, 367, 448], [237, 345, 449, 301], [301, 449, 343, 235], [449, 368, 259, 343], [345, 260, 368, 449], [289, 365, 450, 321], [321, 450, 345, 237], [450, 369, 260, 345], [365, 262, 369, 450], [252, 347, 451, 353], [353, 451, 372, 251], [451, 374, 265, 372], [347, 263, 374, 451], [251, 372, 452, 352], [352, 452, 373, 253], [452, 375, 266, 373], [372, 265, 375, 452], [254, 349, 453, 351], [351, 453, 347, 252], [453, 376, 263, 347], [349, 264, 376, 453], [253, 373, 454, 350], [350, 454, 349, 254], [454, 377, 264, 349], [373, 266, 377, 454], [270, 380, 455, 381], [381, 455, 379, 269], [455, 378, 267, 379], [380, 268, 378, 455], [249, 384, 456, 339], [339, 456, 383, 247], [456, 378, 268, 383], [384, 267, 378, 456], [257, 382, 457, 361], [361, 457, 385, 255], [457, 381, 269, 385], [382, 270, 381, 457], [255, 385, 458, 342], [342, 458, 384, 249], [458, 379, 267, 384], [385, 269, 379, 458], [273, 389, 459, 387], [387, 459, 386, 271], [459, 388, 272, 386], [389, 274, 388, 459], [285, 412, 460, 416], [416, 460, 411, 284], [460, 388, 274, 411], [412, 272, 388, 460], [286, 413, 461, 415], [415, 461, 412, 285], [461, 386, 272, 412], [413, 271, 386, 461], [283, 390, 462, 414], [414, 462, 413, 286], [462, 387, 271, 413], [390, 273, 387, 462], [282, 394, 463, 409], [409, 463, 404, 281], [463, 398, 278, 404], [394, 275, 398, 463], [281, 404, 464, 408], [408, 464, 403, 280], [464, 399, 277, 403], [404, 278, 399, 464], [280, 403, 465, 407], [407, 465, 402, 279], [465, 400, 276, 402], [403, 277, 400, 465], [279, 402, 466, 406], [406, 466, 394, 282], [466, 401, 275, 394], [402, 276, 401, 466], [242, 391, 467, 312], [312, 467, 405, 241], [467, 406, 282, 405], [391, 279, 406, 467], [236, 392, 468, 310], [310, 468, 391, 242], [468, 407, 279, 391], [392, 280, 407, 468], [238, 393, 469, 302], [302, 469, 392, 236], [469, 408, 280, 392], [393, 281, 408, 469], [241, 405, 470, 309], [309, 470, 393, 238], [470, 409, 281, 393], [405, 282, 409, 470], [275, 410, 471, 398], [398, 471, 397, 278], [471, 414, 286, 397], [410, 283, 414, 471], [278, 397, 472, 399], [399, 472, 396, 277], [472, 415, 285, 396], [397, 286, 415, 472], [277, 396, 473, 400], [400, 473, 395, 276], [473, 416, 284, 395], [396, 285, 416, 473], [276, 395, 474, 401], [401, 474, 410, 275], [474, 417, 283, 410], [395, 284, 417, 474], [292, 478, 477, 322], [433, 479, 476, 299], [299, 476, 475, 290], [479, 477, 480, 487], [475, 476, 482, 484], [477, 478, 490, 480], [498, 496, 483, 485], [503, 501, 486, 492], [501, 504, 493, 486], [496, 499, 488, 483], [499, 497, 481, 488], [504, 502, 489, 493], [502, 505, 494, 489], [497, 500, 491, 481], [483, 488, 495, 485], [476, 479, 487, 482], [488, 481, 491, 495], [489, 494, 500, 497], [493, 489, 497, 499], [486, 493, 499, 496], [492, 486, 496, 498], [480, 490, 505, 502], [487, 480, 502, 504], [482, 487, 504, 501], [484, 482, 501, 503]]
}
