{
    "name" : "Genesis2-female",
    "vertices" : [8227, 169, 7845, 2550, 10869, 10463, 6717, 8850, 7226, 285, 8676, 10857, 867, 2764, 10271, 4134, 2818, 8091, 2379, 2641, 8659, 5854, 5863, 8589, 374, 364, 2815, 6075, 2546, 490, 558, 9344, 640, 7103, 5858, 720, 3828, 3384, 3874, 987, 898, 6526, 6762, 6421, 1311, 6342, 6739, 6714, 1209, 1195, 1194, 1203, 2720, 8733, 8200, 205, 6655, 8208, 10619, 10544, 10408, 9002, 8022, 172, 10613, 10848, 122, 2417, 2941, 2949, 2395, 308, 2437, 7862, 8860, 10444, 10754, 8933, 8951, 7889, 10246, 10233, 4133, 690, 10268, 2307, 856, 353, 424, 9384, 407, 9383, 4102, 428, 6137, 8095, 41, 518, 10337, 747, 5852, 8610, 8647, 8547, 6705, 387, 8690, 342, 6685, 6143, 367, 354, 10026, 2773, 9374, 455, 541, 504, 525, 9356, 6950, 694, 7075, 784, 10092, 10194, 10296, 10084, 6824, 3917, 6778, 3577, 1075, 225, 176, 2552, 4188, 6513, 6611, 6484, 8007, 6434, 6576, 6521, 1276, 6368, 6375, 6726, 4066, 6315, 6349, 1316, 6483, 9733, 3003, 9466, 1204, 9522, 1182, 3999, 255, 9688, 10335, 2954, 2952, 10783, 10692, 7127, 282, 301, 7914, 10666, 5831, 10568, 8995, 9923, 2584, 4126, 571, 10250, 10226, 4089, 383, 2362, 8473, 4115, 533, 10339, 553, 8523, 325, 2340, 341, 9389, 9373, 9380, 4096, 789, 10189, 834, 10291, 3585, 9773, 9416, 1036, 6412, 4192, 6560, 1284, 229, 6283, 221, 10363, 6491, 6626, 6620, 6516, 2723, 10791, 10534, 7490, 1854, 7724, 9969, 9931, 2500, 9983, 1593, 1480, 9997, 1923, 1327, 7741, 1964, 9840, 18898, 11097, 18525, 13370, 21505, 21120, 17427, 19521, 17932, 11213, 19347, 21494, 11795, 13574, 20930, 14910, 13624, 18769, 13209, 13454, 19330, 16578, 16587, 19260, 11302, 11292, 13621, 16797, 13366, 11418, 11486, 20010, 11568, 17811, 16582, 11648, 14605, 14161, 14651, 11915, 11826, 17236, 17472, 17131, 12239, 17052, 17449, 17424, 12137, 12123, 12122, 12131, 10821, 10859, 2091, 2103, 2077, 10912, 10815, 2540, 2060, 2456, 2098, 7888, 13532, 19404, 18871, 11133, 17365, 18879, 21271, 21199, 21066, 19668, 18700, 11100, 21265, 21485, 11050, 13247, 13736, 13743, 10455, 13225, 11236, 13266, 18542, 19531, 21102, 21405, 19599, 7217, 19617, 18568, 8164, 2092, 2461, 10819, 2825, 2056, 2273, 2063, 3053, 20905, 20892, 14909, 11618, 20927, 13137, 11784, 11281, 11352, 20050, 11335, 20049, 14878, 11356, 16857, 18773, 10969, 11446, 20996, 11675, 16576, 19281, 19318, 19218, 17415, 11315, 19361, 11270, 17395, 16863, 11295, 11282, 20685, 13583, 20040, 11383, 11469, 11432, 11453, 20022, 17658, 11622, 17783, 11712, 20751, 20853, 20955, 20743, 17532, 14694, 17486, 14354, 12003, 11153, 11104, 13372, 14964, 17223, 17321, 17194, 18685, 17144, 17286, 17231, 12204, 17078, 17085, 17436, 14842, 17025, 17059, 12244, 17193, 20399, 13797, 20132, 12132, 20188, 12110, 14775, 11183, 20354, 20994, 13748, 13746, 21434, 21343, 17835, 11210, 11229, 18592, 21317, 16556, 21221, 19661, 20589, 13404, 14902, 11499, 20909, 20885, 14865, 11311, 13192, 19144, 14891, 11461, 20998, 11481, 19194, 11253, 13170, 11269, 20055, 20039, 20046, 14872, 11717, 20848, 11762, 20950, 14362, 20439, 20082, 11964, 17122, 14968, 17270, 12212, 11157, 16993, 11149, 21022, 17201, 17336, 17330, 17226, 2735, 13535, 21442, 10908, 21189, 18187, 12782, 18409, 20628, 7730, 2105, 20596, 13326, 20642, 12521, 7509, 2128, 9934, 12408, 7344, 2087, 20656, 12851, 9948, 12255, 3192, 18424, 12892, 2504, 20506, 2142],
    "faces" : [[296, 337, 160, 66], [337, 290, 52, 160], [160, 52, 3, 62], [66, 160, 62, 6], [49, 159, 161, 153], [159, 48, 132, 161], [161, 132, 38, 131], [153, 161, 131, 39], [12, 98, 162, 125], [98, 22, 124, 162], [162, 124, 35, 122], [125, 162, 122, 33], [9, 68, 163, 71], [68, 4, 60, 163], [163, 60, 5, 69], [71, 163, 69, 10], [297, 333, 164, 70], [333, 294, 61, 164], [164, 61, 4, 68], [70, 164, 68, 9], [4, 58, 165, 60], [58, 11, 76, 165], [165, 76, 8, 59], [60, 165, 59, 5], [11, 72, 166, 76], [72, 6, 65, 166], [166, 65, 7, 78], [76, 166, 78, 8], [288, 317, 167, 64], [317, 296, 66, 167], [167, 66, 6, 72], [64, 167, 72, 11], [289, 330, 168, 73], [330, 297, 70, 168], [168, 70, 9, 53], [73, 168, 53, 2], [2, 53, 169, 54], [53, 9, 71, 169], [169, 71, 10, 56], [54, 169, 56, 0], [0, 56, 170, 57], [56, 10, 79, 170], [170, 79, 298, 329], [57, 170, 329, 291], [294, 331, 171, 61], [331, 288, 64, 171], [171, 64, 11, 58], [61, 171, 58, 4], [8, 78, 172, 67], [78, 7, 77, 172], [172, 77, 295, 326], [67, 172, 326, 287], [5, 59, 173, 75], [59, 8, 67, 173], [173, 67, 287, 332], [75, 173, 332, 293], [10, 69, 174, 79], [69, 5, 75, 174], [174, 75, 293, 334], [79, 174, 334, 298], [3, 52, 175, 55], [74, 175, 219, 218], [55, 175, 74, 1], [7, 63, 176, 77], [63, 1, 74, 176], [176, 74, 292, 336], [77, 176, 336, 295], [15, 82, 177, 83], [82, 13, 80, 177], [177, 80, 12, 81], [83, 177, 81, 14], [20, 102, 178, 84], [102, 21, 86, 178], [178, 86, 15, 83], [84, 178, 83, 14], [23, 101, 179, 99], [101, 22, 98, 179], [179, 98, 12, 80], [99, 179, 80, 13], [21, 100, 180, 86], [100, 23, 99, 180], [180, 99, 13, 82], [86, 180, 82, 15], [27, 111, 181, 90], [111, 25, 105, 181], [181, 105, 19, 92], [90, 181, 92, 18], [25, 110, 182, 105], [110, 24, 104, 182], [182, 104, 17, 93], [105, 182, 93, 19], [26, 109, 183, 88], [109, 27, 90, 183], [183, 90, 18, 94], [88, 183, 94, 16], [24, 108, 184, 104], [108, 26, 88, 184], [184, 88, 16, 95], [104, 184, 95, 17], [31, 119, 185, 97], [119, 29, 113, 185], [185, 113, 23, 100], [97, 185, 100, 21], [29, 118, 186, 113], [118, 28, 112, 186], [186, 112, 22, 101], [113, 186, 101, 23], [30, 117, 187, 96], [117, 31, 97, 187], [187, 97, 21, 102], [96, 187, 102, 20], [28, 116, 188, 112], [116, 30, 96, 188], [188, 96, 20, 103], [112, 188, 103, 22], [0, 57, 189, 85], [57, 291, 106, 189], [189, 106, 26, 108], [85, 189, 108, 24], [291, 335, 190, 106], [335, 289, 107, 190], [190, 107, 27, 109], [106, 190, 109, 26], [2, 54, 191, 87], [54, 0, 85, 191], [191, 85, 24, 110], [87, 191, 110, 25], [289, 73, 192, 107], [73, 2, 87, 192], [192, 87, 25, 111], [107, 192, 111, 27], [17, 95, 193, 89], [95, 16, 114, 193], [193, 114, 30, 116], [89, 193, 116, 28], [16, 94, 194, 114], [94, 18, 115, 194], [194, 115, 31, 117], [114, 194, 117, 30], [19, 93, 195, 91], [93, 17, 89, 195], [195, 89, 28, 118], [91, 195, 118, 29], [18, 92, 196, 115], [92, 19, 91, 196], [196, 91, 29, 119], [115, 196, 119, 31], [35, 123, 197, 122], [123, 34, 121, 197], [197, 121, 32, 120], [122, 197, 120, 33], [14, 81, 198, 126], [81, 12, 125, 198], [198, 125, 33, 120], [126, 198, 120, 32], [22, 103, 199, 124], [103, 20, 127, 199], [199, 127, 34, 123], [124, 199, 123, 35], [20, 84, 200, 127], [84, 14, 126, 200], [200, 126, 32, 121], [127, 200, 121, 34], [38, 129, 201, 131], [129, 36, 128, 201], [201, 128, 37, 130], [131, 201, 130, 39], [50, 158, 202, 154], [158, 49, 153, 202], [202, 153, 39, 130], [154, 202, 130, 37], [51, 157, 203, 155], [157, 50, 154, 203], [203, 154, 37, 128], [155, 203, 128, 36], [48, 156, 204, 132], [156, 51, 155, 204], [204, 155, 36, 129], [132, 204, 129, 38], [47, 151, 205, 136], [151, 46, 146, 205], [205, 146, 43, 140], [136, 205, 140, 40], [46, 150, 206, 146], [150, 45, 145, 206], [206, 145, 42, 141], [146, 206, 141, 43], [45, 149, 207, 145], [149, 44, 144, 207], [207, 144, 41, 142], [145, 207, 142, 42], [44, 148, 208, 144], [148, 47, 136, 208], [208, 136, 40, 143], [144, 208, 143, 41], [7, 65, 209, 133], [65, 6, 147, 209], [209, 147, 47, 148], [133, 209, 148, 44], [1, 63, 210, 134], [63, 7, 133, 210], [210, 133, 44, 149], [134, 210, 149, 45], [3, 55, 211, 135], [55, 1, 134, 211], [211, 134, 45, 150], [135, 211, 150, 46], [6, 62, 212, 147], [62, 3, 135, 212], [212, 135, 46, 151], [147, 212, 151, 47], [40, 140, 213, 152], [140, 43, 139, 213], [213, 139, 51, 156], [152, 213, 156, 48], [43, 141, 214, 139], [141, 42, 138, 214], [214, 138, 50, 157], [139, 214, 157, 51], [42, 142, 215, 138], [142, 41, 137, 215], [215, 137, 49, 158], [138, 215, 158, 50], [41, 143, 216, 137], [143, 40, 152, 216], [216, 152, 48, 159], [137, 216, 159, 49], [292, 74, 218, 478], [175, 52, 217, 219], [52, 290, 475, 217], [219, 225, 220, 218], [475, 484, 222, 217], [218, 220, 490, 478], [498, 485, 223, 229], [503, 492, 224, 232], [232, 224, 228, 234], [229, 223, 226, 231], [231, 226, 221, 230], [234, 228, 227, 233], [233, 227, 494, 505], [230, 221, 491, 500], [223, 485, 495, 226], [217, 222, 225, 219], [226, 495, 491, 221], [227, 230, 500, 494], [228, 231, 230, 227], [224, 229, 231, 228], [492, 498, 229, 224], [220, 233, 505, 490], [225, 234, 233, 220], [222, 232, 234, 225], [484, 503, 232, 222], [296, 313, 418, 337], [337, 418, 299, 290], [418, 309, 238, 299], [313, 241, 309, 418], [284, 411, 419, 417], [417, 419, 390, 283], [419, 389, 273, 390], [411, 274, 389, 419], [247, 383, 420, 356], [356, 420, 382, 257], [420, 380, 270, 382], [383, 268, 380, 420], [244, 319, 421, 315], [315, 421, 307, 239], [421, 316, 240, 307], [319, 245, 316, 421], [297, 318, 422, 333], [333, 422, 308, 294], [422, 315, 239, 308], [318, 244, 315, 422], [239, 307, 423, 305], [305, 423, 324, 246], [423, 306, 243, 324], [307, 240, 306, 423], [246, 324, 424, 320], [320, 424, 312, 241], [424, 327, 242, 312], [324, 243, 327, 424], [288, 311, 425, 317], [317, 425, 313, 296], [425, 320, 241, 313], [311, 246, 320, 425], [289, 321, 426, 330], [330, 426, 318, 297], [426, 300, 244, 318], [321, 237, 300, 426], [237, 301, 427, 300], [300, 427, 319, 244], [427, 303, 245, 319], [301, 235, 303, 427], [235, 304, 428, 303], [303, 428, 328, 245], [428, 329, 298, 328], [304, 291, 329, 428], [294, 308, 429, 331], [331, 429, 311, 288], [429, 305, 246, 311], [308, 239, 305, 429], [243, 314, 430, 327], [327, 430, 325, 242], [430, 326, 295, 325], [314, 287, 326, 430], [240, 323, 431, 306], [306, 431, 314, 243], [431, 332, 287, 314], [323, 293, 332, 431], [245, 328, 432, 316], [316, 432, 323, 240], [432, 334, 293, 323], [328, 298, 334, 432], [238, 302, 433, 299], [322, 477, 479, 433], [302, 236, 322, 433], [242, 325, 434, 310], [310, 434, 322, 236], [434, 336, 292, 322], [325, 295, 336, 434], [250, 341, 435, 340], [340, 435, 338, 248], [435, 339, 247, 338], [341, 249, 339, 435], [255, 342, 436, 360], [360, 436, 344, 256], [436, 341, 250, 344], [342, 249, 341, 436], [258, 357, 437, 359], [359, 437, 356, 257], [437, 338, 247, 356], [357, 248, 338, 437], [256, 344, 438, 358], [358, 438, 357, 258], [438, 340, 248, 357], [344, 250, 340, 438], [262, 348, 439, 369], [369, 439, 363, 260], [439, 350, 254, 363], [348, 253, 350, 439], [260, 363, 440, 368], [368, 440, 362, 259], [440, 351, 252, 362], [363, 254, 351, 440], [261, 346, 441, 367], [367, 441, 348, 262], [441, 352, 253, 348], [346, 251, 352, 441], [259, 362, 442, 366], [366, 442, 346, 261], [442, 353, 251, 346], [362, 252, 353, 442], [266, 355, 443, 377], [377, 443, 371, 264], [443, 358, 258, 371], [355, 256, 358, 443], [264, 371, 444, 376], [376, 444, 370, 263], [444, 359, 257, 370], [371, 258, 359, 444], [265, 354, 445, 375], [375, 445, 355, 266], [445, 360, 256, 355], [354, 255, 360, 445], [263, 370, 446, 374], [374, 446, 354, 265], [446, 361, 255, 354], [370, 257, 361, 446], [235, 343, 447, 304], [304, 447, 364, 291], [447, 366, 261, 364], [343, 259, 366, 447], [291, 364, 448, 335], [335, 448, 365, 289], [448, 367, 262, 365], [364, 261, 367, 448], [237, 345, 449, 301], [301, 449, 343, 235], [449, 368, 259, 343], [345, 260, 368, 449], [289, 365, 450, 321], [321, 450, 345, 237], [450, 369, 260, 345], [365, 262, 369, 450], [252, 347, 451, 353], [353, 451, 372, 251], [451, 374, 265, 372], [347, 263, 374, 451], [251, 372, 452, 352], [352, 452, 373, 253], [452, 375, 266, 373], [372, 265, 375, 452], [254, 349, 453, 351], [351, 453, 347, 252], [453, 376, 263, 347], [349, 264, 376, 453], [253, 373, 454, 350], [350, 454, 349, 254], [454, 377, 264, 349], [373, 266, 377, 454], [270, 380, 455, 381], [381, 455, 379, 269], [455, 378, 267, 379], [380, 268, 378, 455], [249, 384, 456, 339], [339, 456, 383, 247], [456, 378, 268, 383], [384, 267, 378, 456], [257, 382, 457, 361], [361, 457, 385, 255], [457, 381, 269, 385], [382, 270, 381, 457], [255, 385, 458, 342], [342, 458, 384, 249], [458, 379, 267, 384], [385, 269, 379, 458], [273, 389, 459, 387], [387, 459, 386, 271], [459, 388, 272, 386], [389, 274, 388, 459], [285, 412, 460, 416], [416, 460, 411, 284], [460, 388, 274, 411], [412, 272, 388, 460], [286, 413, 461, 415], [415, 461, 412, 285], [461, 386, 272, 412], [413, 271, 386, 461], [283, 390, 462, 414], [414, 462, 413, 286], [462, 387, 271, 413], [390, 273, 387, 462], [282, 394, 463, 409], [409, 463, 404, 281], [463, 398, 278, 404], [394, 275, 398, 463], [281, 404, 464, 408], [408, 464, 403, 280], [464, 399, 277, 403], [404, 278, 399, 464], [280, 403, 465, 407], [407, 465, 402, 279], [465, 400, 276, 402], [403, 277, 400, 465], [279, 402, 466, 406], [406, 466, 394, 282], [466, 401, 275, 394], [402, 276, 401, 466], [242, 391, 467, 312], [312, 467, 405, 241], [467, 406, 282, 405], [391, 279, 406, 467], [236, 392, 468, 310], [310, 468, 391, 242], [468, 407, 279, 391], [392, 280, 407, 468], [238, 393, 469, 302], [302, 469, 392, 236], [469, 408, 280, 392], [393, 281, 408, 469], [241, 405, 470, 309], [309, 470, 393, 238], [470, 409, 281, 393], [405, 282, 409, 470], [275, 410, 471, 398], [398, 471, 397, 278], [471, 414, 286, 397], [410, 283, 414, 471], [278, 397, 472, 399], [399, 472, 396, 277], [472, 415, 285, 396], [397, 286, 415, 472], [277, 396, 473, 400], [400, 473, 395, 276], [473, 416, 284, 395], [396, 285, 416, 473], [276, 395, 474, 401], [401, 474, 410, 275], [474, 417, 283, 410], [395, 284, 417, 474], [292, 478, 477, 322], [433, 479, 476, 299], [299, 476, 475, 290], [479, 477, 480, 487], [475, 476, 482, 484], [477, 478, 490, 480], [498, 496, 483, 485], [503, 501, 486, 492], [501, 504, 493, 486], [496, 499, 488, 483], [499, 497, 481, 488], [504, 502, 489, 493], [502, 505, 494, 489], [497, 500, 491, 481], [483, 488, 495, 485], [476, 479, 487, 482], [488, 481, 491, 495], [489, 494, 500, 497], [493, 489, 497, 499], [486, 493, 499, 496], [492, 486, 496, 498], [480, 490, 505, 502], [487, 480, 502, 504], [482, 487, 504, 501], [484, 482, 501, 503]]
}
